0 0.422099 0.311322 0.19277 0.251019
0 0.831285 0.697002 0.336097 0.604037
0 0.229629 0.439728 0.171968 0.413264
41 0.288614 0.813206 0.0931225 0.194082
0 0.101547 0.650234 0.203065 0.697653
60 0.4868 0.6996 0.744201 0.599269
45 0.256075 0.643465 0.0773199 0.0713211
41 0.550564 0.453958 0.0393775 0.090588
41 0.427134 0.392599 0.0344486 0.0715473
0 0.84301 0.336936 0.131712 0.204587
45 0.638593 0.963631 0.106263 0.071563
0 0.290802 0.342449 0.119912 0.268705
0 0.636519 0.376009 0.16252 0.299479
39 0.525662 0.576945 0.0647348 0.177382
41 0.378567 0.572726 0.0517044 0.142563
39 0.532063 0.536506 0.0413296 0.0933274
41 0.526688 0.614183 0.0655438 0.109211
0 0.698416 0.422501 0.182418 0.366095
53 0.652975 0.780118 0.102584 0.060247
45 0.238856 0.954156 0.130412 0.0903834
